"","29-B1","30-B1","31-B2","32-B3","33-B1","34-B1","35-B2","36-B3","37-B1","38-B2","39-B3","40-B1","41-B2","42-B3","44-B2","45-B3","46-B1","47-B2","48-B3","49-B1","50-B2","52-B1","53-B2","54-B3"
"29-B1",0,0.426075796758313,0.49684888877341,0.384907846181767,0.406442121015646,0.383831462916277,0.431535904361458,0.448120936892714,0.538838553570822,0.40337157912587,0.482492244024702,0.507400679241627,0.481813025846543,0.404549303214651,0.347287347626855,0.373581958008205,0.366213195594807,0.400688827276872,0.370697399807001,0.386049977244462,0.310065230352497,0.420311843445392,0.297301257266541,0.400722269853665
"30-B1",0.426075796758313,0,0.493764308980196,0.368996387869648,0.424394906683499,0.415600657881096,0.433441817287154,0.519866378364424,0.471052439683512,0.414150392574664,0.489577823116613,0.539410011181888,0.492673553646852,0.408256603776426,0.331608408404222,0.450092533252205,0.416458673567248,0.428929248626293,0.423204860473365,0.485536806247331,0.343713236210193,0.411598180217634,0.36182522357988,0.389777820463387
"31-B2",0.49684888877341,0.493764308980196,0,0.416345048998386,0.360386799671489,0.34396542459062,0.40416058746802,0.445589652789972,0.606959622420009,0.6308581285096,0.580227928898269,0.511705812266251,0.599497770381204,0.390136346948069,0.374944383508688,0.492499225585847,0.405531418412017,0.357390404192362,0.529841257214288,0.657983018219981,0.458600668510648,0.455429829284352,0.451363233956168,0.355499451167713
"32-B3",0.384907846181767,0.368996387869648,0.416345048998386,0,0.24651456498606,0.226632133673643,0.342025332570179,0.5398641079694,0.531553664414915,0.494477440317255,0.513687364742342,0.440744840073473,0.57148562167594,0.274394238462087,0.254499864296903,0.384922849403223,0.260499946226346,0.248522976121502,0.401077735696782,0.515858276727548,0.291055994288141,0.393228307370593,0.351215668141429,0.247322230369306
"33-B1",0.406442121015646,0.424394906683499,0.360386799671489,0.24651456498606,0,0.0584692487515971,0.257057605231377,0.556976011921565,0.601170303953107,0.649206073124183,0.572268457640992,0.410141622478559,0.63171630521934,0.289644140024905,0.140235778739796,0.366889637933173,0.198099090850182,0.101050681767768,0.489992957188019,0.648533373017885,0.337973352338041,0.385179887437,0.308150817785398,0.0930956853508323
"34-B1",0.383831462916277,0.415600657881096,0.34396542459062,0.226632133673643,0.0584692487515971,0,0.242150783459875,0.552177252050212,0.586561903579243,0.648082278170519,0.564695140930119,0.384647979824464,0.630006049890272,0.261120020523851,0.108347769906687,0.36147638078049,0.168991628091091,0.0562717157125629,0.473733986588545,0.647388154236206,0.319951625967582,0.361817781635086,0.309933429762107,0.0502465129612522
"35-B2",0.431535904361458,0.433441817287154,0.40416058746802,0.342025332570179,0.257057605231377,0.242150783459875,0,0.512998355455521,0.545358103805106,0.525903274163788,0.497367881664453,0.441410815463856,0.518707938673082,0.35431973530303,0.279697576523845,0.403464830448169,0.296793850657216,0.25971639013296,0.46868394483197,0.577060572695156,0.388854974188459,0.286057634547001,0.342120897510581,0.257390528417336
"36-B3",0.448120936892714,0.519866378364424,0.445589652789972,0.5398641079694,0.556976011921565,0.552177252050212,0.512998355455521,0,0.514245677057609,0.466155803405643,0.448107100484635,0.607213366688202,0.543406843790976,0.468156295870256,0.562907915539706,0.481278552145999,0.422287271983653,0.557534198409015,0.543855237384354,0.48660946289126,0.539505129485138,0.432909025973997,0.516417402240728,0.556520116830741
"37-B1",0.538838553570822,0.471052439683512,0.606959622420009,0.531553664414915,0.601170303953107,0.586561903579243,0.545358103805106,0.514245677057609,0,0.243473668636656,0.182947852500603,0.589495241074419,0.513723300361551,0.537870015902902,0.604722574555877,0.613513759014378,0.520768379183537,0.592529487029905,0.510879015939124,0.459771110513063,0.492529323640845,0.495365949446112,0.538140281374389,0.595615085852354
"38-B2",0.40337157912587,0.414150392574664,0.6308581285096,0.494477440317255,0.649206073124183,0.648082278170519,0.525903274163788,0.466155803405643,0.243473668636656,0,0.246382714163628,0.661410313437581,0.418127762532739,0.545091451823697,0.59952878208636,0.5182179774045,0.513663826871104,0.649337081949497,0.413400768287865,0.268006042788819,0.407011173233404,0.42068422580498,0.45041010736838,0.649099119109613
"39-B3",0.482492244024702,0.489577823116613,0.580227928898269,0.513687364742342,0.572268457640992,0.564695140930119,0.497367881664453,0.448107100484635,0.182947852500603,0.246382714163628,0,0.604274009617485,0.523565238829442,0.539718089456945,0.566266798154906,0.537204433116709,0.495183633015799,0.569793493124419,0.495427811005938,0.494402096525396,0.506890899599433,0.471741228996093,0.52651529681246,0.569784313119742
"40-B1",0.507400679241627,0.539410011181888,0.511705812266251,0.440744840073473,0.410141622478559,0.384647979824464,0.441410815463856,0.607213366688202,0.589495241074419,0.661410313437581,0.604274009617485,0,0.650174246005366,0.471772656354071,0.434949464549014,0.501410075081451,0.457509202528007,0.394835772065351,0.541983183744834,0.660967413333229,0.502795075097136,0.501663874375298,0.471244675533158,0.406091526753773
"41-B2",0.481813025846543,0.492673553646852,0.599497770381204,0.57148562167594,0.63171630521934,0.630006049890272,0.518707938673082,0.543406843790976,0.513723300361551,0.418127762532739,0.523565238829442,0.650174246005366,0,0.425666434125792,0.574653115991623,0.505416622386974,0.584246837445018,0.631915610053516,0.384310227456909,0.479667314285526,0.504370958993629,0.440403933877086,0.461633179058397,0.631553583634571
"42-B3",0.404549303214651,0.408256603776426,0.390136346948069,0.274394238462087,0.289644140024905,0.261120020523851,0.35431973530303,0.468156295870256,0.537870015902902,0.545091451823697,0.539718089456945,0.471772656354071,0.425666434125792,0,0.288519068848899,0.378288783965611,0.324444747659613,0.286591518072339,0.347456894365556,0.537323387201053,0.354654335237055,0.35771380713024,0.35236487872221,0.284037045363638
"44-B2",0.347287347626855,0.331608408404222,0.374944383508688,0.254499864296903,0.140235778739796,0.108347769906687,0.279697576523845,0.562907915539706,0.604722574555877,0.59952878208636,0.566266798154906,0.434949464549014,0.574653115991623,0.288519068848899,0,0.323166477131105,0.233167551033435,0.146254562051214,0.398959784369339,0.604169506241962,0.296121760029625,0.369725375141984,0.294575893933491,0.0817737302087878
"45-B3",0.373581958008205,0.450092533252205,0.492499225585847,0.384922849403223,0.366889637933173,0.36147638078049,0.403464830448169,0.481278552145999,0.613513759014378,0.5182179774045,0.537204433116709,0.501410075081451,0.505416622386974,0.378288783965611,0.323166477131105,0,0.328449418150353,0.378529181391035,0.375650032092389,0.430124117011307,0.396531143092137,0.413105837243319,0.284720990930528,0.368417288905613
"46-B1",0.366213195594807,0.416458673567248,0.405531418412017,0.260499946226346,0.198099090850182,0.168991628091091,0.296793850657216,0.422287271983653,0.520768379183537,0.513663826871104,0.495183633015799,0.457509202528007,0.584246837445018,0.324444747659613,0.233167551033435,0.328449418150353,0,0.201442881519589,0.381257202659244,0.419104875153431,0.26818488103349,0.385530859540181,0.34368867665343,0.195361471925285
"47-B2",0.400688827276872,0.428929248626293,0.357390404192362,0.248522976121502,0.101050681767768,0.0562717157125629,0.25971639013296,0.557534198409015,0.592529487029905,0.649337081949497,0.569793493124419,0.394835772065351,0.631915610053516,0.286591518072339,0.146254562051214,0.378529181391035,0.201442881519589,0,0.477544738119841,0.648666877607678,0.335111977821235,0.380057022267305,0.330796063076567,0.088316482780205
"48-B3",0.370697399807001,0.423204860473365,0.529841257214288,0.401077735696782,0.489992957188019,0.473733986588545,0.46868394483197,0.543855237384354,0.510879015939124,0.413400768287865,0.495427811005938,0.541983183744834,0.384310227456909,0.347456894365556,0.398959784369339,0.375650032092389,0.381257202659244,0.477544738119841,0,0.413516813291374,0.367962207883934,0.447961340652233,0.374416012467138,0.48070145935952
"49-B1",0.386049977244462,0.485536806247331,0.657983018219981,0.515858276727548,0.648533373017885,0.647388154236206,0.577060572695156,0.48660946289126,0.459771110513063,0.268006042788819,0.494402096525396,0.660967413333229,0.479667314285526,0.537323387201053,0.604169506241962,0.430124117011307,0.419104875153431,0.648666877607678,0.413516813291374,0,0.335253855776731,0.540627313806506,0.441945341339261,0.648424381208107
"50-B2",0.310065230352497,0.343713236210193,0.458600668510648,0.291055994288141,0.337973352338041,0.319951625967582,0.388854974188459,0.539505129485138,0.492529323640845,0.407011173233404,0.506890899599433,0.502795075097136,0.504370958993629,0.354654335237055,0.296121760029625,0.396531143092137,0.26818488103349,0.335111977821235,0.367962207883934,0.335253855776731,0,0.428972970282232,0.304234700008152,0.330198988802546
"52-B1",0.420311843445392,0.411598180217634,0.455429829284352,0.393228307370593,0.385179887437,0.361817781635086,0.286057634547001,0.432909025973997,0.495365949446112,0.42068422580498,0.471741228996093,0.501663874375298,0.440403933877086,0.35771380713024,0.369725375141984,0.413105837243319,0.385530859540181,0.380057022267305,0.447961340652233,0.540627313806506,0.428972970282232,0,0.349219377898274,0.379562159353429
"53-B2",0.297301257266541,0.36182522357988,0.451363233956168,0.351215668141429,0.308150817785398,0.309933429762107,0.342120897510581,0.516417402240728,0.538140281374389,0.45041010736838,0.52651529681246,0.471244675533158,0.461633179058397,0.35236487872221,0.294575893933491,0.284720990930528,0.34368867665343,0.330796063076567,0.374416012467138,0.441945341339261,0.304234700008152,0.349219377898274,0,0.324914272884906
"54-B3",0.400722269853665,0.389777820463387,0.355499451167713,0.247322230369306,0.0930956853508323,0.0502465129612522,0.257390528417336,0.556520116830741,0.595615085852354,0.649099119109613,0.569784313119742,0.406091526753773,0.631553583634571,0.284037045363638,0.0817737302087878,0.368417288905613,0.195361471925285,0.088316482780205,0.48070145935952,0.648424381208107,0.330198988802546,0.379562159353429,0.324914272884906,0
